# Created by Octave 4.4.1, Thu Dec 06 14:14:29 2018 CST <jachinshen@jachinshen-x1>
# name: results
# type: cell
# rows: 1
# columns: 1
# name: <cell-element>
# type: scalar struct
# ndims: 2
 1 1
# length: 6
# name: type
# type: sq_string
# elements: 1
# length: 4
rect


# name: res
# type: matrix
# rows: 20
# columns: 4
 271 218 110 125
 271 218 110 125
 271 218 110 125
 271 218 110 125
 271 218 110 125
 271 218 110 125
 271 218 110 125
 271 218 110 125
 271 218 110 125
 271 218 110 125
 271 218 110 125
 271 218 110 125
 271 218 110 125
 271 218 110 125
 271 218 110 125
 271 218 110 125
 271 218 110 125
 271 218 110 125
 271 218 110 125
 271 218 110 125


# name: fps
# type: scalar
0


# name: len
# type: scalar
20


# name: annoBegin
# type: scalar
1


# name: startFrame
# type: scalar
474







